tribit.exe 1100100100001111110110101010001000100001011010001100001000110100
1100100100001111110110101010001000100001011010001100001000110100
1111010100010110110111100111001100000000101101001101001100000000
0110001100011011111011101011000110000001111000001110000010010000
1011000100011111011111101111100101000000111000000110100101000000
1111100100011111101011101111010100000000111000001010010100000000
1111010100011111111011101111000100000000111000001110000100000000
1111000100011111111011101111000100000000111000001110000100000000
1101011010001000
1101101101010100
1110111000110000
0111111100010000
1010111110010000
1110111101010000
1110111100010000
1010
0111
1011
1111
1
